0.963982;0.00914426;0.0268742
0.947448;0.00910133;0.0434505
0.978545;0.00452429;0.0169311
0.963701;0.00471509;0.031584
0.145844;0.171876;0.68228
0.00822331;0.947777;0.0439997
0.0169381;0.793858;0.189203
0.0070631;0.963786;0.0291506
0.0137654;0.898478;0.0877568
0.0632275;0.100616;0.836157
0.00189685;0.00246057;0.995643
0.101614;0.130569;0.767817
0.0321008;0.0358026;0.932097
