0.803107; 0.118843; 0.0780498; 
0.855666; 0.0876905; 0.0566439; 
0.897901; 0.0622192; 0.0398797; 
0.925225; 0.0454944; 0.0292806; 
0.936308; 0.0384788; 0.0252132; 
0.931173; 0.0410618; 0.0277651; 
0.908882; 0.0534299; 0.037688; 
0.868802; 0.0753763; 0.0558222; 
0.813953; 0.104587; 0.0814596; 
0.751393; 0.136797; 0.111809; 
0.790249; 0.136526; 0.0732243; 
0.850794; 0.0985955; 0.0506102; 
0.900786; 0.066278; 0.0329363; 
0.933312; 0.0447522; 0.0219356; 
0.946493; 0.0357801; 0.0177267; 
0.940829; 0.0390816; 0.0200897; 
0.914903; 0.0550632; 0.030034; 
0.867593; 0.0834233; 0.048984; 
0.803662; 0.120054; 0.0762834; 
0.733229; 0.158229; 0.108541; 
0.751655; 0.174877; 0.0734679; 
0.81849; 0.130982; 0.0505284; 
0.87774; 0.0899732; 0.0322872; 
0.918568; 0.0606313; 0.0208007; 
0.935662; 0.0479526; 0.0163854; 
0.928377; 0.0527867; 0.0188364; 
0.895333; 0.0753733; 0.0292932; 
0.837644; 0.113148; 0.0492086; 
0.764796; 0.157707; 0.0774966; 
0.690219; 0.199485; 0.110296; 
0.676513; 0.245656; 0.0778308; 
0.740115; 0.203934; 0.0559511; 
0.803262; 0.158631; 0.038107; 
0.852564; 0.121024; 0.0264125; 
0.875068; 0.103107; 0.0218252; 
0.864402; 0.110891; 0.024707; 
0.82131; 0.142667; 0.0360234; 
0.755422; 0.188204; 0.0563748; 
0.682546; 0.233383; 0.0840711; 
0.615275; 0.269218; 0.115507; 
0.561104; 0.355894; 0.0830024; 
0.599503; 0.337337; 0.06316; 
0.640192; 0.31269; 0.0471177; 
0.675074; 0.288368; 0.036558; 
0.69116; 0.276312; 0.0325288; 
0.679064; 0.28524; 0.0356959; 
0.642807; 0.310494; 0.0466992; 
0.595953; 0.338436; 0.0656105; 
0.549882; 0.359108; 0.0910103; 
0.509635; 0.370285; 0.12008; 
0.423951; 0.491472; 0.0845769; 
0.41945; 0.515187; 0.0653631; 
0.408802; 0.541309; 0.0498893; 
0.393764; 0.566561; 0.0396746; 
0.380673; 0.583678; 0.0356493; 
0.376532; 0.58502; 0.0384477; 
0.381201; 0.570059; 0.0487401; 
0.388126; 0.545139; 0.0667343; 
0.391858; 0.516906; 0.0912355; 
0.391027; 0.48937; 0.119602; 
0.301163; 0.617255; 0.0815814; 
0.264983; 0.674141; 0.0608759; 
0.221454; 0.734818; 0.0437275; 
0.180587; 0.787369; 0.0320434; 
0.156606; 0.816381; 0.0270134; 
0.158503; 0.812219; 0.029278; 
0.184043; 0.776345; 0.0396122; 
0.221616; 0.720016; 0.058368; 
0.258158; 0.657703; 0.0841388; 
0.286444; 0.599691; 0.113865; 
0.215634; 0.706774; 0.0775924; 
0.171012; 0.773381; 0.0556069; 
0.125868; 0.836556; 0.0375765; 
0.0903359; 0.884059; 0.0256048; 
0.0724473; 0.907056; 0.0204966; 
0.0747325; 0.902922; 0.0223452; 
0.0962561; 0.87178; 0.0319638; 
0.132325; 0.817351; 0.0503245; 
0.173845; 0.749701; 0.0764541; 
0.212003; 0.680871; 0.107126; 
0.165886; 0.75768; 0.0764336; 
0.12521; 0.82027; 0.0545203; 
0.0883928; 0.87471; 0.0368976; 
0.0620564; 0.912519; 0.0254249; 
0.0496157; 0.929804; 0.0205799; 
0.0513338; 0.926384; 0.022282; 
0.0668803; 0.901872; 0.0312474; 
0.0947995; 0.856663; 0.0485379; 
0.130348; 0.796049; 0.0736036; 
0.166904; 0.729475; 0.103622; 
0.140683; 0.77964; 0.079677; 
0.106737; 0.834411; 0.0588523; 
0.077737; 0.880059; 0.0422045; 
0.0576615; 0.911023; 0.0313153; 
0.0482459; 0.925049; 0.0267055; 
0.0495387; 0.921985; 0.0284764; 
0.0613355; 0.901482; 0.0371821; 
0.0828817; 0.863619; 0.053499; 
0.111514; 0.81159; 0.0768963; 
0.142915; 0.752019; 0.105066; 
0.82256; 0.0996847; 0.0777555; 
0.881821; 0.0663457; 0.0518337; 
0.928015; 0.040239; 0.0317461; 
0.956171; 0.0242889; 0.0195401; 
0.966984; 0.0180568; 0.0149594; 
0.962385; 0.0202243; 0.017391; 
0.940324; 0.0314706; 0.0282057; 
0.897123; 0.0531946; 0.0496823; 
0.834822; 0.0838639; 0.0813144; 
0.76279; 0.118564; 0.118646; 
0.813916; 0.113642; 0.0724418; 
0.883662; 0.0717728; 0.0445649; 
0.938556; 0.0381296; 0.0233149; 
0.970571; 0.0182505; 0.0111789; 
0.981977; 0.0110778; 0.00694489; 
0.977693; 0.0134737; 0.0088333; 
0.954174; 0.0270088; 0.0188176; 
0.903949; 0.0550158; 0.0410351; 
0.830009; 0.0945693; 0.0754213; 
0.746914; 0.137042; 0.116044; 
0.777482; 0.148909; 0.0736084; 
0.857914; 0.097352; 0.044734; 
0.926448; 0.051359; 0.0221934; 
0.968182; 0.0224493; 0.00936847; 
0.982893; 0.012047; 0.00506003; 
0.977613; 0.0155112; 0.0068763; 
0.947213; 0.0355054; 0.0172819; 
0.882969; 0.0757093; 0.0413214; 
0.794531; 0.12737; 0.0780984; 
0.703469; 0.176367; 0.120164; 
0.698301; 0.22122; 0.0804786; 
0.779901; 0.167425; 0.0526742; 
0.862397; 0.108041; 0.0295618; 
0.924264; 0.0607494; 0.0149862; 
0.950499; 0.0399407; 0.00956011; 
0.939996; 0.0477873; 0.0122167; 
0.889352; 0.0853239; 0.0253236; 
0.803812; 0.144274; 0.051914; 
0.707795; 0.203277; 0.0889282; 
0.622647; 0.24818; 0.129173; 
0.567863; 0.34371; 0.0884267; 
0.618541; 0.317594; 0.0638646; 
0.677687; 0.279086; 0.0432273; 
0.733999; 0.236679; 0.0293216; 
0.763312; 0.212878; 0.0238097; 
0.74536; 0.227058; 0.0275824; 
0.687715; 0.270322; 0.0419629; 
0.617732; 0.315004; 0.0672636; 
0.554823; 0.344607; 0.10057; 
0.504406; 0.358819; 0.136775; 
0.40898; 0.500762; 0.0902579; 
0.398738; 0.534636; 0.0666268; 
0.377031; 0.576099; 0.0468708; 
0.345765; 0.620768; 0.0334666; 
0.31942; 0.652687; 0.0278928; 
0.316516; 0.652397; 0.0310879; 
0.33467; 0.620971; 0.0443591; 
0.355493; 0.576296; 0.0682113; 
0.367829; 0.531965; 0.100206; 
0.371172; 0.493291; 0.135537; 
0.271643; 0.6438; 0.0845576; 
0.221468; 0.72031; 0.058222; 
0.159453; 0.804892; 0.0356548; 
0.102433; 0.877204; 0.0203631; 
0.0717562; 0.914373; 0.0138707; 
0.0757489; 0.90828; 0.0159716; 
0.111813; 0.859886; 0.0283017; 
0.166356; 0.780738; 0.0529059; 
0.218836; 0.69387; 0.0872944; 
0.257859; 0.616708; 0.125433; 
0.18348; 0.73892; 0.0775997; 
0.128746; 0.821554; 0.0497004; 
0.0753298; 0.897746; 0.026924; 
0.0376639; 0.94945; 0.012886; 
0.0217224; 0.970784; 0.00749334; 
0.0240787; 0.967036; 0.00888571; 
0.0450846; 0.936235; 0.0186806; 
0.0855238; 0.873685; 0.0407907; 
0.135713; 0.789681; 0.0746068; 
0.182453; 0.703548; 0.113999; 
0.137256; 0.787766; 0.0749779; 
0.0911538; 0.861048; 0.0477981; 
0.0516845; 0.921941; 0.0263744; 
0.0265029; 0.960038; 0.0134593; 
0.0162817; 0.975248; 0.00847082; 
0.0178266; 0.972385; 0.00978795; 
0.0315655; 0.949719; 0.0187155; 
0.0597049; 0.901629; 0.0386658; 
0.0988353; 0.831258; 0.0699065; 
0.140496; 0.751846; 0.107659; 
0.116732; 0.805009; 0.0782591; 
0.0798415; 0.867183; 0.0529753; 
0.0497336; 0.917257; 0.0330091; 
0.0304356; 0.949073; 0.0204913; 
0.0221538; 0.96248; 0.0153659; 
0.023403; 0.959638; 0.0169587; 
0.0343013; 0.93948; 0.0262188; 
0.0557866; 0.899071; 0.0451425; 
0.0861518; 0.840191; 0.0736571; 
0.120505; 0.771271; 0.108224; 
0.826874; 0.0878578; 0.0852682; 
0.892153; 0.0539051; 0.0539419; 
0.942246; 0.028312; 0.0294422; 
0.971167; 0.0138124; 0.0150207; 
0.981497; 0.00864621; 0.0098569; 
0.977313; 0.0103517; 0.0123352; 
0.955207; 0.020038; 0.0247552; 
0.908045; 0.0405733; 0.0513822; 
0.83759; 0.0711357; 0.0912739; 
0.756769; 0.106344; 0.136887; 
0.820841; 0.0992607; 0.0798984; 
0.898667; 0.0559636; 0.0453697; 
0.957639; 0.0231997; 0.0191611; 
0.98768; 0.00664784; 0.00567206; 
0.995972; 0.00212755; 0.00190062; 
0.993333; 0.00343024; 0.00323634; 
0.973507; 0.013265; 0.0132277; 
0.920504; 0.0388381; 0.0406579; 
0.835906; 0.0786291; 0.0854649; 
0.741056; 0.122403; 0.136541; 
0.785446; 0.131804; 0.0827505; 
0.8774; 0.0764355; 0.0461645; 
0.952666; 0.0298046; 0.0175299; 
0.9906; 0.00592416; 0.00347593; 
0.998883; 0.0006953; 0.000421263; 
0.996777; 0.00195523; 0.00126752; 
0.973869; 0.0152802; 0.0108507; 
0.90548; 0.0530547; 0.041465; 
0.801521; 0.107205; 0.0912735; 
0.695739; 0.159143; 0.145117; 
0.702998; 0.20366; 0.093342; 
0.799839; 0.142233; 0.0579284; 
0.898582; 0.0744066; 0.027011; 
0.965991; 0.0254874; 0.00852133; 
0.988535; 0.0086143; 0.00285089; 
0.981048; 0.0139331; 0.00501869; 
0.931133; 0.0484058; 0.0204615; 
0.828597; 0.113536; 0.0578667; 
0.710021; 0.180555; 0.109424; 
0.609914; 0.229752; 0.160334; 
0.561975; 0.332858; 0.105167; 
0.622691; 0.302178; 0.0751315; 
0.69976; 0.252351; 0.0478883; 
0.779654; 0.191878; 0.0284673; 
0.824491; 0.154996; 0.0205128; 
0.800004; 0.174242; 0.0257537; 
0.716972; 0.236026; 0.047002; 
0.621204; 0.294918; 0.0838787; 
0.542173; 0.329073; 0.128754; 
0.484237; 0.343262; 0.172501; 
0.389299; 0.503736; 0.106965; 
0.373077; 0.548716; 0.0782064; 
0.338509; 0.609216; 0.0522747; 
0.285722; 0.68076; 0.0335186; 
0.240841; 0.733924; 0.0252346; 
0.241323; 0.729186; 0.0294915; 
0.27931; 0.671787; 0.0489034; 
0.317183; 0.599333; 0.0834846; 
0.338054; 0.535271; 0.126675; 
0.345082; 0.485252; 0.169666; 
0.245302; 0.657727; 0.0969707; 
0.184728; 0.751926; 0.063346; 
0.109844; 0.857353; 0.0328024; 
0.046634; 0.940731; 0.0126346; 
0.0192548; 0.975568; 0.00517715; 
0.0231644; 0.969897; 0.00693903; 
0.0589284; 0.919594; 0.0214777; 
0.122045; 0.822293; 0.0556614; 
0.185074; 0.711375; 0.103551; 
0.230965; 0.616634; 0.152401; 
0.158763; 0.755663; 0.0855735; 
0.0985165; 0.851397; 0.0500862; 
0.0431833; 0.935808; 0.021009; 
0.0110176; 0.983692; 0.00529002; 
0.00207774; 0.996891; 0.00103088; 
0.00319618; 0.995083; 0.00172055; 
0.017162; 0.972472; 0.0103663; 
0.054712; 0.907869; 0.0374189; 
0.10785; 0.809553; 0.0825966; 
0.158779; 0.707833; 0.133388; 
0.116876; 0.802484; 0.0806398; 
0.0687105; 0.884325; 0.0469645; 
0.0301964; 0.949072; 0.0207312; 
0.00935415; 0.98407; 0.00657616; 
0.00301705; 0.994763; 0.00221955; 
0.00390349; 0.993036; 0.0030602; 
0.0134231; 0.975261; 0.011316; 
0.0383681; 0.92691; 0.0347215; 
0.0775402; 0.84786; 0.0745999; 
0.121012; 0.756814; 0.122174; 
0.10026; 0.816238; 0.0835019; 
0.0625517; 0.884475; 0.0529737; 
0.0332109; 0.937899; 0.0288905; 
0.016025; 0.969503; 0.0144721; 
0.00946902; 0.981575; 0.00895557; 
0.0104748; 0.979105; 0.0104199; 
0.0195232; 0.96008; 0.0203965; 
0.0393674; 0.917723; 0.04291; 
0.0694564; 0.852304; 0.0782397; 
0.104575; 0.774887; 0.120537; 
0.810053; 0.0840103; 0.105936; 
0.880545; 0.0507341; 0.0687213; 
0.936598; 0.0256933; 0.0377084; 
0.969624; 0.0117145; 0.0186614; 
0.981353; 0.00687125; 0.0117759; 
0.976309; 0.00844134; 0.0152495; 
0.949781; 0.0176085; 0.0326109; 
0.893571; 0.0373933; 0.0690355; 
0.812993; 0.0667765; 0.120231; 
0.725837; 0.100335; 0.173828; 
0.803176; 0.0946572; 0.102167; 
0.888133; 0.0521322; 0.0597346; 
0.955062; 0.0201107; 0.0248271; 
0.989113; 0.00464566; 0.00624181; 
0.997627; 0.000964457; 0.00140878; 
0.995039; 0.00193616; 0.00302503; 
0.972165; 0.0106048; 0.0172299; 
0.907607; 0.0350136; 0.0573793; 
0.808618; 0.0732224; 0.11816; 
0.705587; 0.114717; 0.179695; 
0.765326; 0.125857; 0.108817; 
0.865528; 0.0712775; 0.0631944; 
0.951144; 0.02536; 0.0234961; 
0.993308; 0.00336319; 0.00332912; 
0.999968; 1.56104e-05; 1.68021e-05; 
0.998869; 0.000520574; 0.000610724; 
0.974121; 0.011463; 0.0144158; 
0.890051; 0.0475621; 0.0623869; 
0.767968; 0.0994497; 0.132583; 
0.65451; 0.148226; 0.197264; 
0.678895; 0.195634; 0.125471; 
0.782312; 0.135078; 0.0826105; 
0.893534; 0.0669542; 0.0395122; 
0.970406; 0.0186323; 0.0109617; 
0.993652; 0.00391878; 0.00242908; 
0.986259; 0.00812132; 0.00561954; 
0.927482; 0.0404302; 0.0320878; 
0.80192; 0.104313; 0.0937668; 
0.66703; 0.167699; 0.16527; 
0.56413; 0.213003; 0.222867; 
0.535046; 0.322419; 0.142535; 
0.596535; 0.29406; 0.109405; 
0.679311; 0.245726; 0.0749627; 
0.770096; 0.183186; 0.0467181; 
0.82262; 0.143034; 0.0343458; 
0.791559; 0.163211; 0.0452299; 
0.689854; 0.226193; 0.0839535; 
0.57898; 0.279988; 0.141031; 
0.495414; 0.307451; 0.197135; 
0.440121; 0.318303; 0.241576; 
0.36437; 0.492071; 0.143559; 
0.345082; 0.543118; 0.111799; 
0.305007; 0.615979; 0.0790136; 
0.242681; 0.705646; 0.0516736; 
0.189864; 0.77168; 0.0384563; 
0.192231; 0.760844; 0.0469255; 
0.237619; 0.680559; 0.0818218; 
0.279493; 0.584719; 0.135788; 
0.30144; 0.507614; 0.190946; 
0.310212; 0.45396; 0.235828; 
0.226069; 0.647019; 0.126912; 
0.164135; 0.749912; 0.0859539; 
0.0882277; 0.868136; 0.0436365; 
0.0279889; 0.958405; 0.0136065; 
0.00644773; 0.990243; 0.0033095; 
0.00928527; 0.985277; 0.00543782; 
0.0397477; 0.932617; 0.027635; 
0.100662; 0.817187; 0.0821517; 
0.162342; 0.687965; 0.149693; 
0.207092; 0.585525; 0.207383; 
0.144996; 0.746583; 0.108422; 
0.0853204; 0.850597; 0.0640821; 
0.0321013; 0.943193; 0.0247053; 
0.00471385; 0.991464; 0.00382221; 
2.56941e-05; 0.999952; 2.25961e-05; 
0.000293925; 0.999421; 0.000285202; 
0.00951696; 0.980335; 0.0101479; 
0.0431461; 0.907365; 0.0494893; 
0.0938909; 0.793287; 0.112822; 
0.142814; 0.681379; 0.175807; 
0.106784; 0.794162; 0.0990537; 
0.0596801; 0.882641; 0.0576793; 
0.0230912; 0.953279; 0.0236298; 
0.0050309; 0.989436; 0.00553269; 
0.00073111; 0.998398; 0.000870752; 
0.00123527; 0.997179; 0.00158564; 
0.00837699; 0.980233; 0.01139; 
0.0307955; 0.925889; 0.0433155; 
0.0679845; 0.835264; 0.0967519; 
0.109659; 0.73498; 0.155361; 
0.0923552; 0.807702; 0.0999426; 
0.0555746; 0.880863; 0.063562; 
0.0274659; 0.938991; 0.0335426; 
0.0116669; 0.973029; 0.0153045; 
0.00602441; 0.985504; 0.00847202; 
0.0068802; 0.982867; 0.010253; 
0.0148533; 0.962138; 0.0230086; 
0.0333252; 0.914172; 0.0525029; 
0.0620488; 0.840416; 0.0975354; 
0.0957897; 0.756023; 0.148188; 
0.765388; 0.0871792; 0.147433; 
0.83692; 0.0559971; 0.107083; 
0.899351; 0.0315846; 0.0690644; 
0.940789; 0.0169495; 0.0422614; 
0.956846; 0.0114273; 0.031727; 
0.947572; 0.0132529; 0.0391747; 
0.908036; 0.023124; 0.0688395; 
0.836703; 0.0424015; 0.120896; 
0.748392; 0.0691204; 0.182487; 
0.663296; 0.0988294; 0.237874; 
0.751921; 0.0985189; 0.14956; 
0.838231; 0.0592465; 0.102523; 
0.916333; 0.0277231; 0.0559444; 
0.966176; 0.0100319; 0.0237925; 
0.983593; 0.00440076; 0.0120058; 
0.975664; 0.00613429; 0.0182018; 
0.931014; 0.0172698; 0.0517165; 
0.839807; 0.0418194; 0.118374; 
0.729127; 0.0757883; 0.195085; 
0.631206; 0.111372; 0.257423; 
0.706282; 0.129046; 0.164672; 
0.803802; 0.0804409; 0.115757; 
0.901735; 0.0366279; 0.0616366; 
0.967817; 0.0106564; 0.0215267; 
0.989591; 0.00305715; 0.00735146; 
0.98059; 0.0052548; 0.0141547; 
0.920223; 0.021292; 0.0584848; 
0.798021; 0.0563541; 0.145624; 
0.668282; 0.0995204; 0.232197; 
0.568951; 0.139493; 0.291555; 
0.615351; 0.193504; 0.191145; 
0.705494; 0.14283; 0.151676; 
0.8144; 0.0847288; 0.100871; 
0.909698; 0.0376256; 0.0526766; 
0.951354; 0.0180948; 0.0305509; 
0.926967; 0.024652; 0.0483809; 
0.819612; 0.0585665; 0.121822; 
0.670774; 0.108951; 0.220275; 
0.55194; 0.15548; 0.29258; 
0.475568; 0.191659; 0.332773; 
0.479816; 0.305711; 0.214473; 
0.524194; 0.283292; 0.192514; 
0.58454; 0.248763; 0.166697; 
0.650717; 0.206202; 0.143081; 
0.682683; 0.178043; 0.139275; 
0.636355; 0.186821; 0.176824; 
0.537088; 0.217471; 0.245441; 
0.45018; 0.244293; 0.305527; 
0.395978; 0.262598; 0.341424; 
0.365261; 0.275346; 0.359393; 
0.330967; 0.455646; 0.213387; 
0.310676; 0.497636; 0.191688; 
0.275669; 0.558325; 0.166007; 
0.226727; 0.632102; 0.141171; 
0.185983; 0.681334; 0.132683; 
0.182079; 0.655531; 0.16239; 
0.205557; 0.568145; 0.226298; 
0.230273; 0.481617; 0.28811; 
0.248524; 0.423395; 0.328081; 
0.261849; 0.38851; 0.349641; 
0.212564; 0.600218; 0.187218; 
0.159098; 0.693173; 0.147729; 
0.0946662; 0.808823; 0.0965107; 
0.0400632; 0.912742; 0.0471946; 
0.0162198; 0.96087; 0.0229101; 
0.0195605; 0.947854; 0.032586; 
0.0494633; 0.860251; 0.0902861; 
0.098588; 0.719561; 0.181851; 
0.14585; 0.595311; 0.258839; 
0.182734; 0.51076; 0.306505; 
0.141181; 0.701505; 0.157314; 
0.0880345; 0.803808; 0.108157; 
0.0388866; 0.906589; 0.0545242; 
0.00978487; 0.974104; 0.0161112; 
0.00171527; 0.994962; 0.00332262; 
0.00271121; 0.991364; 0.00592516; 
0.0152707; 0.949761; 0.0349687; 
0.0477426; 0.845445; 0.106813; 
0.0910497; 0.718074; 0.190876; 
0.13209; 0.612153; 0.255757; 
0.106101; 0.754888; 0.139011; 
0.0628391; 0.845342; 0.0918193; 
0.0278187; 0.92584; 0.0463417; 
0.00855047; 0.975034; 0.0164152; 
0.0026766; 0.991475; 0.00584881; 
0.00349424; 0.988164; 0.00834203; 
0.0122752; 0.957536; 0.0301891; 
0.0346768; 0.882184; 0.0831392; 
0.0683101; 0.777723; 0.153967; 
0.104747; 0.676792; 0.218461; 
0.092282; 0.773602; 0.134116; 
0.0579449; 0.848635; 0.0934199; 
0.0309726; 0.91299; 0.0560376; 
0.0149659; 0.954627; 0.0304068; 
0.00881029; 0.97141; 0.0197795; 
0.00974584; 0.966879; 0.0233756; 
0.0181449; 0.937355; 0.0445005; 
0.0361507; 0.876903; 0.086946; 
0.0626324; 0.794053; 0.143315; 
0.0929735; 0.707911; 0.199116; 
0.688901; 0.0944564; 0.216643; 
0.749366; 0.0669527; 0.183682; 
0.806877; 0.0445737; 0.148549; 
0.849479; 0.0299699; 0.120551; 
0.865105; 0.0238181; 0.111077; 
0.845698; 0.0256333; 0.128669; 
0.790854; 0.0352057; 0.17394; 
0.713992; 0.0519409; 0.234067; 
0.635931; 0.0738887; 0.290181; 
0.569775; 0.0984569; 0.331768; 
0.66175; 0.106288; 0.231963; 
0.730356; 0.0728647; 0.196779; 
0.800934; 0.0445889; 0.154477; 
0.857134; 0.0260312; 0.116835; 
0.879068; 0.0184259; 0.102506; 
0.851705; 0.02065; 0.127645; 
0.773883; 0.0324278; 0.193689; 
0.673813; 0.052872; 0.273315; 
0.585413; 0.0789865; 0.3356; 
0.519696; 0.107294; 0.37301; 
0.603838; 0.134047; 0.262115; 
0.669991; 0.0948843; 0.235125; 
0.744182; 0.0587076; 0.19711; 
0.808777; 0.0332072; 0.158016; 
0.832258; 0.0223073; 0.145435; 
0.784442; 0.0249941; 0.190563; 
0.676014; 0.0398235; 0.284162; 
0.568067; 0.0643474; 0.367586; 
0.492651; 0.0945483; 0.412801; 
0.44455; 0.126101; 0.429349; 
0.51149; 0.186978; 0.301532; 
0.554775; 0.146999; 0.298226; 
0.602165; 0.104203; 0.293632; 
0.635786; 0.0684072; 0.295807; 
0.620052; 0.0493544; 0.330593; 
0.537851; 0.0489307; 0.413218; 
0.447723; 0.064267; 0.48801; 
0.394862; 0.0919638; 0.513175; 
0.368495; 0.125835; 0.50567; 
0.354069; 0.159222; 0.48671; 
0.396568; 0.273182; 0.33025; 
0.401158; 0.246852; 0.35199; 
0.395816; 0.210626; 0.393558; 
0.364208; 0.166516; 0.469276; 
0.296844; 0.125237; 0.577919; 
0.234255; 0.105443; 0.660302; 
0.218939; 0.116542; 0.664519; 
0.233338; 0.147747; 0.618915; 
0.252466; 0.182791; 0.564742; 
0.267852; 0.212914; 0.519234; 
0.284561; 0.389645; 0.325794; 
0.256374; 0.398747; 0.344879; 
0.216656; 0.402529; 0.380815; 
0.168336; 0.386328; 0.445337; 
0.124631; 0.335781; 0.539588; 
0.103706; 0.278992; 0.617303; 
0.112054; 0.259814; 0.628133; 
0.139393; 0.268434; 0.592172; 
0.171445; 0.282285; 0.54627; 
0.200094; 0.293332; 0.506574; 
0.197238; 0.513885; 0.288878; 
0.154404; 0.56665; 0.278945; 
0.107247; 0.630877; 0.261875; 
0.0668977; 0.691421; 0.241682; 
0.0451387; 0.71136; 0.243502; 
0.0444403; 0.654502; 0.301057; 
0.0604808; 0.553323; 0.386196; 
0.0878221; 0.473237; 0.438941; 
0.120308; 0.425024; 0.454668; 
0.152238; 0.396293; 0.451469; 
0.141137; 0.615439; 0.243424; 
0.098309; 0.692401; 0.20929; 
0.0579152; 0.78061; 0.161475; 
0.0292578; 0.859633; 0.11111; 
0.0168107; 0.898597; 0.0845927; 
0.0183225; 0.874235; 0.107442; 
0.0326638; 0.781393; 0.185944; 
0.0579596; 0.662598; 0.279443; 
0.0889064; 0.565965; 0.345129; 
0.120572; 0.499809; 0.379619; 
0.110781; 0.679475; 0.209744; 
0.0739685; 0.757189; 0.168843; 
0.0425266; 0.836677; 0.120796; 
0.0220318; 0.899372; 0.0785965; 
0.0135074; 0.928077; 0.0584156; 
0.0146849; 0.914804; 0.0705107; 
0.0253846; 0.85386; 0.120755; 
0.0458211; 0.757637; 0.196542; 
0.0727857; 0.659317; 0.267897; 
0.101892; 0.579705; 0.318403; 
0.0974268; 0.710005; 0.192569; 
0.0671088; 0.777763; 0.155128; 
0.0422896; 0.841771; 0.115939; 
0.0261096; 0.88936; 0.0845303; 
0.0190279; 0.910515; 0.0704574; 
0.0199745; 0.900347; 0.0796783; 
0.028748; 0.856432; 0.11482; 
0.0453238; 0.78476; 0.169916; 
0.0678475; 0.703116; 0.229036; 
0.0932309; 0.628261; 0.278508; 
0.587283; 0.10159; 0.311127; 
0.620816; 0.0780536; 0.30113; 
0.650142; 0.0587226; 0.291135; 
0.667176; 0.0455047; 0.28732; 
0.662623; 0.03919; 0.298187; 
0.632626; 0.0396282; 0.327746; 
0.585326; 0.0463352; 0.368338; 
0.535671; 0.058717; 0.405613; 
0.493493; 0.0758313; 0.430675; 
0.460799; 0.0962171; 0.442983; 
0.543193; 0.111632; 0.345175; 
0.5704; 0.0836271; 0.345973; 
0.591425; 0.0598618; 0.348714; 
0.596356; 0.0432364; 0.360407; 
0.574495; 0.0348932; 0.390612; 
0.527307; 0.0344306; 0.438262; 
0.475362; 0.0413041; 0.483334; 
0.436395; 0.0552362; 0.508369; 
0.411514; 0.0752415; 0.513245; 
0.395322; 0.0991591; 0.505519; 
0.47488; 0.132463; 0.392657; 
0.482906; 0.0991525; 0.417942; 
0.474523; 0.0686445; 0.456832; 
0.436312; 0.0454644; 0.518224; 
0.367596; 0.0320509; 0.600354; 
0.30415; 0.0286317; 0.667218; 
0.280937; 0.0353243; 0.683738; 
0.288014; 0.0522012; 0.659785; 
0.30311; 0.0773162; 0.619573; 
0.315454; 0.106618; 0.577928; 
0.388958; 0.168627; 0.442415; 
0.369142; 0.129369; 0.501489; 
0.318433; 0.0871678; 0.594399; 
0.226304; 0.0490754; 0.724621; 
0.127168; 0.0243687; 0.848463; 
0.0837765; 0.0170904; 0.899133; 
0.100096; 0.0253341; 0.87457; 
0.148251; 0.0489436; 0.802806; 
0.198904; 0.0836312; 0.717465; 
0.237409; 0.121133; 0.641457; 
0.301854; 0.225393; 0.472754; 
0.261949; 0.182683; 0.555368; 
0.192598; 0.124389; 0.683013; 
0.100239; 0.0605204; 0.83924; 
0.0331325; 0.0194793; 0.947388; 
0.0160469; 0.00977714; 0.974176; 
0.0312148; 0.020655; 0.94813; 
0.0747542; 0.0543226; 0.870923; 
0.129823; 0.102304; 0.767872; 
0.177435; 0.14878; 0.673785; 
0.228554; 0.306047; 0.465399; 
0.18439; 0.271929; 0.543681; 
0.125721; 0.209087; 0.665192; 
0.062989; 0.118787; 0.818224; 
0.0222598; 0.0458172; 0.931923; 
0.0119763; 0.0247852; 0.963238; 
0.0223465; 0.0429802; 0.934673; 
0.0533795; 0.09214; 0.854481; 
0.0969368; 0.150582; 0.752481; 
0.139652; 0.198773; 0.661576; 
0.174125; 0.404192; 0.421684; 
0.13401; 0.397339; 0.468651; 
0.0918067; 0.366522; 0.541671; 
0.0549368; 0.29681; 0.648253; 
0.0311167; 0.2044; 0.764484; 
0.0235824; 0.151525; 0.824893; 
0.0313034; 0.161654; 0.807043; 
0.052924; 0.203896; 0.74318; 
0.084033; 0.246106; 0.669861; 
0.117897; 0.276312; 0.605791; 
0.137248; 0.500264; 0.362488; 
0.102283; 0.525459; 0.372258; 
0.0703764; 0.543971; 0.385653; 
0.0467083; 0.54356; 0.409732; 
0.0339026; 0.511553; 0.454545; 
0.0314353; 0.456092; 0.512473; 
0.0383932; 0.409968; 0.551639; 
0.0543836; 0.386717; 0.558899; 
0.0776746; 0.376814; 0.545511; 
0.104846; 0.371252; 0.523902; 
0.114975; 0.574576; 0.310449; 
0.0848486; 0.617805; 0.297346; 
0.0590586; 0.660744; 0.280198; 
0.0410097; 0.692873; 0.266118; 
0.032118; 0.698345; 0.269537; 
0.0318929; 0.666133; 0.301975; 
0.0393867; 0.606652; 0.353961; 
0.0537326; 0.545096; 0.401171; 
0.0736005; 0.49612; 0.43028; 
0.0969021; 0.46048; 0.442618; 
0.10384; 0.620787; 0.275373; 
0.0782165; 0.667087; 0.254696; 
0.0569425; 0.711608; 0.23145; 
0.0422733; 0.745081; 0.212645; 
0.0351372; 0.756114; 0.208749; 
0.0353343; 0.736958; 0.227707; 
0.042284; 0.690696; 0.26702; 
0.055169; 0.63158; 0.313251; 
0.0727133; 0.574559; 0.352728; 
0.0932505; 0.526918; 0.379831; 
0.480421; 0.105625; 0.413954; 
0.482714; 0.0844941; 0.432792; 
0.476017; 0.0668261; 0.457157; 
0.458181; 0.0540269; 0.487792; 
0.43125; 0.0467984; 0.521952; 
0.402753; 0.045297; 0.55195; 
0.380966; 0.0494908; 0.569544; 
0.36862; 0.0591985; 0.572182; 
0.363176; 0.0737955; 0.563029; 
0.360974; 0.0920538; 0.546972; 
0.424838; 0.111543; 0.463619; 
0.4107; 0.0856731; 0.503627; 
0.380695; 0.063036; 0.556269; 
0.334553; 0.045866; 0.619581; 
0.283972; 0.0355225; 0.680506; 
0.249406; 0.0324945; 0.7181; 
0.241387; 0.0368834; 0.721729; 
0.253347; 0.0485759; 0.698077; 
0.272857; 0.0666716; 0.660471; 
0.291317; 0.0891693; 0.619513; 
0.355394; 0.123502; 0.521105; 
0.318722; 0.0906451; 0.590633; 
0.257719; 0.05961; 0.682671; 
0.179502; 0.034935; 0.785563; 
0.113529; 0.0203154; 0.866156; 
0.0861998; 0.0160653; 0.897735; 
0.0972231; 0.0210667; 0.88171; 
0.133693; 0.0356851; 0.830622; 
0.178654; 0.0591688; 0.762177; 
0.218806; 0.0879963; 0.693198; 
0.283389; 0.14409; 0.572521; 
0.228369; 0.101547; 0.670084; 
0.148974; 0.0576088; 0.793417; 
0.0672078; 0.0231283; 0.909664; 
0.0204807; 0.00667607; 0.972843; 
0.0100933; 0.00340306; 0.986504; 
0.0208405; 0.00784301; 0.971317; 
0.0552838; 0.0241058; 0.92061; 
0.10678; 0.0540045; 0.839215; 
0.15813; 0.0910817; 0.750788; 
0.22203; 0.177927; 0.600043; 
0.162297; 0.125184; 0.712519; 
0.0875532; 0.0650351; 0.847412; 
0.0255812; 0.0184817; 0.955937; 
0.00216839; 0.00155703; 0.996275; 
0.000116566; 8.55094e-05; 0.999798; 
0.00356127; 0.00272642; 0.993712; 
0.0250082; 0.0201398; 0.954852; 
0.0682509; 0.0576393; 0.87411; 
0.118165; 0.10381; 0.778026; 
0.177446; 0.230651; 0.591903; 
0.124738; 0.173813; 0.70145; 
0.0657682; 0.0991339; 0.835098; 
0.0200739; 0.0326066; 0.947319; 
0.00242834; 0.00414572; 0.993426; 
0.000403741; 0.000694037; 0.998902; 
0.00358403; 0.00594521; 0.990471; 
0.0205404; 0.0320562; 0.947403; 
0.0552307; 0.0805894; 0.86418; 
0.0976862; 0.133982; 0.768332; 
0.147548; 0.303384; 0.549069; 
0.105784; 0.257069; 0.637146; 
0.0632034; 0.184478; 0.752318; 
0.0290205; 0.100108; 0.870872; 
0.0110523; 0.0421488; 0.946799; 
0.00680229; 0.0257789; 0.967419; 
0.0118678; 0.0404234; 0.947709; 
0.028353; 0.0821297; 0.889517; 
0.056336; 0.137509; 0.806155; 
0.0901246; 0.188545; 0.721331; 
0.12776; 0.386484; 0.485755; 
0.095247; 0.364547; 0.540206; 
0.06518; 0.321213; 0.613607; 
0.04156; 0.256717; 0.701723; 
0.0272308; 0.191848; 0.780921; 
0.0227612; 0.15797; 0.819268; 
0.0275551; 0.164272; 0.808173; 
0.0413193; 0.196123; 0.762558; 
0.0627636; 0.233922; 0.703315; 
0.088856; 0.265784; 0.64536; 
0.115129; 0.463172; 0.4217; 
0.0888393; 0.465789; 0.445372; 
0.0661987; 0.457463; 0.476338; 
0.049483; 0.434615; 0.515902; 
0.0397832; 0.400329; 0.559888; 
0.0371693; 0.367405; 0.595425; 
0.0414522; 0.348376; 0.610171; 
0.0523668; 0.343831; 0.603802; 
0.0690495; 0.346681; 0.58427; 
0.0897749; 0.350854; 0.559371; 
0.108283; 0.521402; 0.370314; 
0.0862304; 0.538629; 0.37514; 
0.0678646; 0.55023; 0.381905; 
0.0547331; 0.551913; 0.393354; 
0.0475401; 0.540585; 0.411875; 
0.0462677; 0.517639; 0.436093; 
0.0506095; 0.489598; 0.459793; 
0.0601598; 0.463412; 0.476428; 
0.0742238; 0.44215; 0.483626; 
0.091656; 0.425562; 0.482782; 
0.389149; 0.106933; 0.503918; 
0.370691; 0.0867946; 0.542514; 
0.343671; 0.0694982; 0.586831; 
0.311145; 0.0563762; 0.632478; 
0.280454; 0.0483518; 0.671195; 
0.259992; 0.0458849; 0.694123; 
0.253786; 0.0490783; 0.697136; 
0.25968; 0.057728; 0.682592; 
0.272243; 0.0711952; 0.656562; 
0.286386; 0.0883277; 0.625286; 
0.331846; 0.108535; 0.559619; 
0.297214; 0.0832784; 0.619508; 
0.25069; 0.060758; 0.688552; 
0.199789; 0.0433438; 0.756867; 
0.158564; 0.0327123; 0.808724; 
0.138677; 0.0293352; 0.831988; 
0.142133; 0.0330437; 0.824824; 
0.163119; 0.0436531; 0.793228; 
0.192594; 0.0604723; 0.746934; 
0.22246; 0.0817974; 0.695742; 
0.269909; 0.113546; 0.616545; 
0.21961; 0.0811561; 0.699234; 
0.157135; 0.051318; 0.791547; 
0.09709; 0.0288251; 0.874085; 
0.0576457; 0.0164011; 0.925953; 
0.0444466; 0.0129556; 0.942598; 
0.0535826; 0.0170035; 0.929414; 
0.081343; 0.0292062; 0.889451; 
0.121009; 0.049824; 0.829167; 
0.162733; 0.07646; 0.760807; 
0.213464; 0.124199; 0.662337; 
0.154827; 0.0828878; 0.762285; 
0.0892035; 0.0441042; 0.866692; 
0.0368446; 0.0171453; 0.94601; 
0.0117052; 0.00531327; 0.982981; 
0.00638514; 0.00295787; 0.990657; 
0.0126524; 0.00622713; 0.98112; 
0.0342807; 0.0183648; 0.947354; 
0.072124; 0.042342; 0.885534; 
0.117051; 0.0749043; 0.808044; 
0.170482; 0.144578; 0.684941; 
0.113131; 0.0940234; 0.792845; 
0.0550718; 0.0449779; 0.89995; 
0.0157199; 0.0127069; 0.971573; 
0.00192674; 0.00155914; 0.996514; 
0.000355598; 0.000291793; 0.999353; 
0.00287538; 0.00241674; 0.994708; 
0.0167622; 0.0144974; 0.96874; 
0.0476906; 0.0424265; 0.909883; 
0.0891721; 0.0813239; 0.829504; 
0.142605; 0.1798; 0.677595; 
0.0928195; 0.122955; 0.784226; 
0.0451144; 0.06294; 0.891946; 
0.0135774; 0.0198398; 0.966583; 
0.00214139; 0.00322547; 0.994633; 
0.000607807; 0.000921439; 0.998471; 
0.0029765; 0.00443308; 0.99259; 
0.0147197; 0.0211728; 0.964108; 
0.0407205; 0.0561385; 0.903141; 
0.0766298; 0.10123; 0.82214; 
0.126456; 0.232785; 0.640759; 
0.0862829; 0.177833; 0.735884; 
0.0485081; 0.112123; 0.839369; 
0.0213296; 0.0543442; 0.924326; 
0.00832072; 0.0224342; 0.969245; 
0.00535037; 0.0144185; 0.980231; 
0.00905572; 0.0230828; 0.967861; 
0.0215312; 0.0500343; 0.928435; 
0.0444294; 0.0927782; 0.862792; 
0.0745425; 0.140192; 0.785265; 
0.117466; 0.299756; 0.582779; 
0.0861233; 0.25783; 0.656047; 
0.0574005; 0.201468; 0.741132; 
0.0353241; 0.141515; 0.823161; 
0.0224701; 0.0969319; 0.880598; 
0.0185793; 0.079705; 0.901716; 
0.0225896; 0.0893046; 0.888106; 
0.0344903; 0.119396; 0.846114; 
0.0537782; 0.159705; 0.786517; 
0.0781478; 0.199569; 0.722283; 
0.112498; 0.369782; 0.517719; 
0.0878303; 0.347025; 0.565144; 
0.0661598; 0.312718; 0.621122; 
0.0495296; 0.270891; 0.67958; 
0.0392942; 0.232738; 0.727967; 
0.0359111; 0.210995; 0.753094; 
0.0392804; 0.210476; 0.750243; 
0.0490592; 0.226219; 0.724722; 
0.0644153; 0.249144; 0.68644; 
0.0838088; 0.271822; 0.644369; 
0.110261; 0.431171; 0.458568; 
0.0901663; 0.425199; 0.484635; 
0.0731454; 0.411933; 0.514921; 
0.0604472; 0.39197; 0.547582; 
0.0528086; 0.369275; 0.577916; 
0.0504919; 0.350127; 0.599381; 
0.0534648; 0.339155; 0.607381; 
0.0614592; 0.33649; 0.60205; 
0.073863; 0.339036; 0.587101; 
0.089657; 0.34337; 0.566973; 
0.322506; 0.107771; 0.569724; 
0.296053; 0.0884443; 0.615502; 
0.264659; 0.0716712; 0.66367; 
0.232943; 0.0587824; 0.708275; 
0.207374; 0.0507574; 0.741869; 
0.193294; 0.0480753; 0.758631; 
0.192367; 0.0508005; 0.756832; 
0.202445; 0.0586932; 0.738862; 
0.219242; 0.0711501; 0.709608; 
0.238341; 0.0871408; 0.674518; 
0.270244; 0.106511; 0.623246; 
0.232144; 0.082439; 0.685417; 
0.188899; 0.0611411; 0.749959; 
0.148163; 0.0448339; 0.807003; 
0.118826; 0.0349347; 0.84624; 
0.106139; 0.0317243; 0.862137; 
0.110313; 0.0349735; 0.854714; 
0.128208; 0.0444799; 0.827312; 
0.15465; 0.0596987; 0.785651; 
0.18387; 0.0792773; 0.736853; 
0.218735; 0.107732; 0.673533; 
0.171617; 0.0776976; 0.750685; 
0.121382; 0.0509521; 0.827666; 
0.0786259; 0.0312411; 0.890133; 
0.0520405; 0.0202149; 0.927745; 
0.0430866; 0.017001; 0.939912; 
0.0495893; 0.0205932; 0.929818; 
0.0698153; 0.0312912; 0.898893; 
0.100573; 0.0492538; 0.850173; 
0.13603; 0.0728934; 0.791076; 
0.175078; 0.113526; 0.711395; 
0.124614; 0.0767223; 0.798664; 
0.0748959; 0.0440292; 0.881075; 
0.0376262; 0.0214085; 0.940965; 
0.0183242; 0.0103064; 0.971369; 
0.0132647; 0.00756069; 0.979175; 
0.0186403; 0.0110125; 0.970347; 
0.0355532; 0.0221073; 0.942339; 
0.064438; 0.0424535; 0.893109; 
0.100737; 0.0702925; 0.828971; 
0.143604; 0.127182; 0.729214; 
0.0954018; 0.0836495; 0.820949; 
0.0510628; 0.0444442; 0.904493; 
0.0210054; 0.0182328; 0.960762; 
0.00759142; 0.00661183; 0.985797; 
0.00469366; 0.004128; 0.991178; 
0.00836588; 0.00746628; 0.984168; 
0.0212248; 0.0192703; 0.959505; 
0.0459279; 0.0424259; 0.911646; 
0.0795097; 0.0746176; 0.845873; 
0.124411; 0.152536; 0.723054; 
0.0818148; 0.103919; 0.814266; 
0.0438593; 0.0576998; 0.898441; 
0.0185084; 0.0250942; 0.956397; 
0.00710536; 0.0098261; 0.983069; 
0.00458226; 0.00637233; 0.989045; 
0.00780637; 0.0107589; 0.981435; 
0.0189568; 0.0255986; 0.955445; 
0.0404659; 0.053185; 0.906349; 
0.0702644; 0.0896844; 0.840051; 
0.114705; 0.192178; 0.693117; 
0.078962; 0.142909; 0.778129; 
0.047119; 0.0918288; 0.861052; 
0.0245967; 0.0509028; 0.924501; 
0.0130408; 0.0279369; 0.959022; 
0.00998385; 0.0214227; 0.968593; 
0.0134866; 0.0280634; 0.95845; 
0.0244397; 0.048137; 0.927423; 
0.0437649; 0.0805388; 0.875696; 
0.0696471; 0.119378; 0.810975; 
0.110945; 0.244814; 0.644241; 
0.0819646; 0.201761; 0.716275; 
0.0561012; 0.153087; 0.790812; 
0.0366559; 0.108554; 0.85479; 
0.0253554; 0.0785461; 0.896098; 
0.0218342; 0.0675379; 0.910628; 
0.0252882; 0.0746519; 0.90006; 
0.0356294; 0.0970349; 0.867336; 
0.0525225; 0.129565; 0.817912; 
0.0743385; 0.165341; 0.760321; 
0.110338; 0.304105; 0.585557; 
0.0871224; 0.273021; 0.639857; 
0.0666999; 0.235427; 0.697873; 
0.0509813; 0.19745; 0.751568; 
0.041254; 0.16794; 0.790806; 
0.0379175; 0.153835; 0.808248; 
0.0408241; 0.156751; 0.802425; 
0.0496263; 0.173379; 0.776994; 
0.0636105; 0.197757; 0.738633; 
0.0814835; 0.223897; 0.69462; 
0.111383; 0.361356; 0.527261; 
0.0925558; 0.343513; 0.563931; 
0.0763892; 0.320372; 0.603239; 
0.0640484; 0.295004; 0.640948; 
0.0563475; 0.272683; 0.67097; 
0.053675; 0.258668; 0.687657; 
0.0560556; 0.255352; 0.688592; 
0.0632144; 0.261346; 0.67544; 
0.0745532; 0.27296; 0.652487; 
0.0891407; 0.286374; 0.624486; 
0.803107; 0.118843; 0.0780498; 
0.855666; 0.0876905; 0.0566439; 
0.897901; 0.0622192; 0.0398797; 
0.925225; 0.0454944; 0.0292806; 
0.936308; 0.0384788; 0.0252132; 
0.931173; 0.0410618; 0.0277651; 
0.908882; 0.0534299; 0.037688; 
0.868802; 0.0753763; 0.0558222; 
0.813953; 0.104587; 0.0814596; 
0.751393; 0.136797; 0.111809; 
0.790249; 0.136526; 0.0732243; 
0.850794; 0.0985955; 0.0506102; 
0.900786; 0.066278; 0.0329363; 
0.933312; 0.0447522; 0.0219356; 
0.946493; 0.0357801; 0.0177267; 
0.940829; 0.0390816; 0.0200897; 
0.914903; 0.0550632; 0.030034; 
0.867593; 0.0834233; 0.048984; 
0.803662; 0.120054; 0.0762834; 
0.733229; 0.158229; 0.108541; 
0.751655; 0.174877; 0.0734679; 
0.81849; 0.130982; 0.0505284; 
0.87774; 0.0899732; 0.0322872; 
0.918568; 0.0606313; 0.0208007; 